360 360
360 420
360 360
420 360
380 360
380 420
360 380
420 380
400 360
400 420
360 400
420 400
420 360
420 420
360 420
420 420
340 340
340 440
340 340
440 340
360 340
360 440
340 360
440 360
380 340
380 440
340 380
440 380
400 340
400 440
340 400
440 400
420 340
420 440
340 420
440 420
440 340
440 440
340 440
440 440
200 320
220 320
200 340
220 340
200 440
220 440
200 460
220 460
560 320
580 320
560 340
580 340
560 440
580 440
560 460
580 460
320 200
340 200
320 220
340 220
440 200
460 200
440 220
460 220
320 560
340 560
320 580
340 580
440 560
460 560
440 580
460 580
-1 -1
0 3
400 480
-1 -1 -1
100 100
50 100
600 100
-1 -1
-1 -1 -1
-1 -1 -1
-1 -1 -1
1522
